10.000000
90.707071
171.414141
252.121212
332.828283
413.535354
494.242424
574.949495
655.656566
736.363636
817.070707
897.777778
978.484848
1059.191919
1139.898990
1220.606061
1301.313131
1382.020202
1462.727273
1543.434343
1624.141414
1704.848485
1785.555556
1866.262626
1946.969697
2027.676768
2108.383838
2189.090909
2269.797980
2350.505051
2431.212121
2511.919192
2592.626263
2673.333333
2754.040404
2834.747475
2915.454545
2996.161616
3076.868687
3157.575758
3238.282828
3318.989899
3399.696970
3480.404040
3561.111111
3641.818182
3722.525253
3803.232323
3883.939394
3964.646465
4045.353535
4126.060606
4206.767677
4287.474747
4368.181818
4448.888889
4529.595960
4610.303030
4691.010101
4771.717172
4852.424242
4933.131313
5013.838384
5094.545455
5175.252525
5255.959596
5336.666667
5417.373737
5498.080808
5578.787879
5659.494949
5740.202020
5820.909091
5901.616162
5982.323232
6063.030303
6143.737374
6224.444444
6305.151515
6385.858586
6466.565657
6547.272727
6627.979798
6708.686869
6789.393939
6870.101010
6950.808081
7031.515152
7112.222222
7192.929293
7273.636364
7354.343434
7435.050505
7515.757576
7596.464646
7677.171717
7757.878788
7838.585859
7919.292929
8000.000000
