10.000000
40.202020
70.404040
100.606061
130.808081
161.010101
191.212121
221.414141
251.616162
281.818182
312.020202
342.222222
372.424242
402.626263
432.828283
463.030303
493.232323
523.434343
553.636364
583.838384
614.040404
644.242424
674.444444
704.646465
734.848485
765.050505
795.252525
825.454545
855.656566
885.858586
916.060606
946.262626
976.464646
1006.666667
1036.868687
1067.070707
1097.272727
1127.474747
1157.676768
1187.878788
1218.080808
1248.282828
1278.484848
1308.686869
1338.888889
1369.090909
1399.292929
1429.494949
1459.696970
1489.898990
1520.101010
1550.303030
1580.505051
1610.707071
1640.909091
1671.111111
1701.313131
1731.515152
1761.717172
1791.919192
1822.121212
1852.323232
1882.525253
1912.727273
1942.929293
1973.131313
2003.333333
2033.535354
2063.737374
2093.939394
2124.141414
2154.343434
2184.545455
2214.747475
2244.949495
2275.151515
2305.353535
2335.555556
2365.757576
2395.959596
2426.161616
2456.363636
2486.565657
2516.767677
2546.969697
2577.171717
2607.373737
2637.575758
2667.777778
2697.979798
2728.181818
2758.383838
2788.585859
2818.787879
2848.989899
2879.191919
2909.393939
2939.595960
2969.797980
3000.000000
